198006
560218
160530
103383
121433
199924
352005
291538
121890
111535
398112
120492
125964
498044
196939
199602
374114
964254
383579
602495
221599
118428
147599
121643
109550
209880
228790
694583
107353
144900
109171
183392
256304
103695
118977
189343
115877
136879
168160
133174
110831
257165
136208
872498
180557
242634
2705994
271651
302605
156794
116478
383793
100800
112022
116218
472688
123180
133451
194160
892533
129688
133507
168819
326554
113615
1345047
107008
102085
106558
140640
138541
716492
216853
672662
112269
274291
100693
103241
115586
682669
111683
128885
172886
152213
171245
117963
111262
116884
124844
209468
213739
167830
182595
267633
895008
237807
530093
188170
139640
133857
172646
242507
248279
201361
250702
194614
200217
107348
104879
294722
110158
134313
122587
159620
310390
238942
112316
108389
154823
347397
2325502
200641
197318
116925
867125
109419
282572
242242
164422
903889
265549
148099
108393
152958
491918
100164
129618
149103
187500
126143
110516
104157
156798
159053
118427
261639
102926
644644
106244
106586
323780
287401
197881
467354
3990456
620118
111670
255885
153095
258054
112525
143433
191645
650618
106804
508958
142816
470914
113069
142344
592025
425403
140823
189572
215030
198218
209050
141344
114985
148304
669053
130418
391006
8398748
282090
178626
244076
123471
113237
245949
105120
429082
176080
120568
649021
139605
468262
181107
139484
285713
192536
209877
114194
156667
141371
153219
145627
122149
172374
111388
172259
1584138
1660272
301048
288061
152361
111954
195248
653115
179335
116702
111750
469298
177751
250998
102153
103440
120981
110146
228783
330063
116961
206284
146526
139117
128739
508529
307695
173442
156259
200591
100215
1532233
215941
1425976
883305
1030119
105025
108797
332725
129488
210089
107408
177586
145862
255310
744955
188987
125851
181883
101860
104246
219190
114694
155032
168122
302838
265098
129775
132964
311178
118600
153185
138161
142749
216279
193551
392890
114742
192364
139436
127690
274975
125904
145182
545975
400669
101113
105729
100154
121913
183012
111128
122312
450189
133800
101224
138183
134587
702455
108093
106311
116046
111398
136401
113479
389255
104576
122607
246328
100450
185877
199663